{
 "cells": [
  {
   "cell_type": "markdown",
   "metadata": {},
   "source": [
    "## Dragon Real Estate Price Predictor"
   ]
  },
  {
   "cell_type": "code",
   "execution_count": 1,
   "metadata": {},
   "outputs": [],
   "source": [
    "import pandas as pd"
   ]
  },
  {
   "cell_type": "code",
   "execution_count": 2,
   "metadata": {},
   "outputs": [],
   "source": [
    "housing = pd.read_csv(\"data.csv\")"
   ]
  },
  {
   "cell_type": "code",
   "execution_count": 3,
   "metadata": {},
   "outputs": [
    {
     "data": {
      "text/html": [
       "<div>\n",
       "<style scoped>\n",
       "    .dataframe tbody tr th:only-of-type {\n",
       "        vertical-align: middle;\n",
       "    }\n",
       "\n",
       "    .dataframe tbody tr th {\n",
       "        vertical-align: top;\n",
       "    }\n",
       "\n",
       "    .dataframe thead th {\n",
       "        text-align: right;\n",
       "    }\n",
       "</style>\n",
       "<table border=\"1\" class=\"dataframe\">\n",
       "  <thead>\n",
       "    <tr style=\"text-align: right;\">\n",
       "      <th></th>\n",
       "      <th>CRIM</th>\n",
       "      <th>ZN</th>\n",
       "      <th>INDUS</th>\n",
       "      <th>CHAS</th>\n",
       "      <th>NOX</th>\n",
       "      <th>RM</th>\n",
       "      <th>AGE</th>\n",
       "      <th>DIS</th>\n",
       "      <th>RAD</th>\n",
       "      <th>TAX</th>\n",
       "      <th>PTRATIO</th>\n",
       "      <th>B</th>\n",
       "      <th>LSTAT</th>\n",
       "      <th>MEDV</th>\n",
       "    </tr>\n",
       "  </thead>\n",
       "  <tbody>\n",
       "    <tr>\n",
       "      <th>0</th>\n",
       "      <td>0.00632</td>\n",
       "      <td>18.0</td>\n",
       "      <td>2.31</td>\n",
       "      <td>0</td>\n",
       "      <td>0.538</td>\n",
       "      <td>6.575</td>\n",
       "      <td>65.2</td>\n",
       "      <td>4.0900</td>\n",
       "      <td>1</td>\n",
       "      <td>296</td>\n",
       "      <td>15.3</td>\n",
       "      <td>396.90</td>\n",
       "      <td>4.98</td>\n",
       "      <td>24.0</td>\n",
       "    </tr>\n",
       "    <tr>\n",
       "      <th>1</th>\n",
       "      <td>0.02731</td>\n",
       "      <td>0.0</td>\n",
       "      <td>7.07</td>\n",
       "      <td>0</td>\n",
       "      <td>0.469</td>\n",
       "      <td>6.421</td>\n",
       "      <td>78.9</td>\n",
       "      <td>4.9671</td>\n",
       "      <td>2</td>\n",
       "      <td>242</td>\n",
       "      <td>17.8</td>\n",
       "      <td>396.90</td>\n",
       "      <td>9.14</td>\n",
       "      <td>21.6</td>\n",
       "    </tr>\n",
       "    <tr>\n",
       "      <th>2</th>\n",
       "      <td>0.02729</td>\n",
       "      <td>0.0</td>\n",
       "      <td>7.07</td>\n",
       "      <td>0</td>\n",
       "      <td>0.469</td>\n",
       "      <td>7.185</td>\n",
       "      <td>61.1</td>\n",
       "      <td>4.9671</td>\n",
       "      <td>2</td>\n",
       "      <td>242</td>\n",
       "      <td>17.8</td>\n",
       "      <td>392.83</td>\n",
       "      <td>4.03</td>\n",
       "      <td>34.7</td>\n",
       "    </tr>\n",
       "    <tr>\n",
       "      <th>3</th>\n",
       "      <td>0.03237</td>\n",
       "      <td>0.0</td>\n",
       "      <td>2.18</td>\n",
       "      <td>0</td>\n",
       "      <td>0.458</td>\n",
       "      <td>6.998</td>\n",
       "      <td>45.8</td>\n",
       "      <td>6.0622</td>\n",
       "      <td>3</td>\n",
       "      <td>222</td>\n",
       "      <td>18.7</td>\n",
       "      <td>394.63</td>\n",
       "      <td>2.94</td>\n",
       "      <td>33.4</td>\n",
       "    </tr>\n",
       "    <tr>\n",
       "      <th>4</th>\n",
       "      <td>0.06905</td>\n",
       "      <td>0.0</td>\n",
       "      <td>2.18</td>\n",
       "      <td>0</td>\n",
       "      <td>0.458</td>\n",
       "      <td>7.147</td>\n",
       "      <td>54.2</td>\n",
       "      <td>6.0622</td>\n",
       "      <td>3</td>\n",
       "      <td>222</td>\n",
       "      <td>18.7</td>\n",
       "      <td>396.90</td>\n",
       "      <td>5.33</td>\n",
       "      <td>36.2</td>\n",
       "    </tr>\n",
       "  </tbody>\n",
       "</table>\n",
       "</div>"
      ],
      "text/plain": [
       "      CRIM    ZN  INDUS  CHAS    NOX     RM   AGE     DIS  RAD  TAX  PTRATIO  \\\n",
       "0  0.00632  18.0   2.31     0  0.538  6.575  65.2  4.0900    1  296     15.3   \n",
       "1  0.02731   0.0   7.07     0  0.469  6.421  78.9  4.9671    2  242     17.8   \n",
       "2  0.02729   0.0   7.07     0  0.469  7.185  61.1  4.9671    2  242     17.8   \n",
       "3  0.03237   0.0   2.18     0  0.458  6.998  45.8  6.0622    3  222     18.7   \n",
       "4  0.06905   0.0   2.18     0  0.458  7.147  54.2  6.0622    3  222     18.7   \n",
       "\n",
       "        B  LSTAT  MEDV  \n",
       "0  396.90   4.98  24.0  \n",
       "1  396.90   9.14  21.6  \n",
       "2  392.83   4.03  34.7  \n",
       "3  394.63   2.94  33.4  \n",
       "4  396.90   5.33  36.2  "
      ]
     },
     "execution_count": 3,
     "metadata": {},
     "output_type": "execute_result"
    }
   ],
   "source": [
    "housing.head()"
   ]
  },
  {
   "cell_type": "code",
   "execution_count": 4,
   "metadata": {},
   "outputs": [
    {
     "name": "stdout",
     "output_type": "stream",
     "text": [
      "<class 'pandas.core.frame.DataFrame'>\n",
      "RangeIndex: 506 entries, 0 to 505\n",
      "Data columns (total 14 columns):\n",
      " #   Column   Non-Null Count  Dtype  \n",
      "---  ------   --------------  -----  \n",
      " 0   CRIM     506 non-null    float64\n",
      " 1   ZN       506 non-null    float64\n",
      " 2   INDUS    506 non-null    float64\n",
      " 3   CHAS     506 non-null    int64  \n",
      " 4   NOX      506 non-null    float64\n",
      " 5   RM       501 non-null    float64\n",
      " 6   AGE      506 non-null    float64\n",
      " 7   DIS      506 non-null    float64\n",
      " 8   RAD      506 non-null    int64  \n",
      " 9   TAX      506 non-null    int64  \n",
      " 10  PTRATIO  506 non-null    float64\n",
      " 11  B        506 non-null    float64\n",
      " 12  LSTAT    506 non-null    float64\n",
      " 13  MEDV     506 non-null    float64\n",
      "dtypes: float64(11), int64(3)\n",
      "memory usage: 55.5 KB\n"
     ]
    }
   ],
   "source": [
    "housing.info()"
   ]
  },
  {
   "cell_type": "code",
   "execution_count": 5,
   "metadata": {},
   "outputs": [
    {
     "data": {
      "text/plain": [
       "14.10    3\n",
       "6.36     3\n",
       "18.13    3\n",
       "8.05     3\n",
       "7.79     3\n",
       "        ..\n",
       "9.69     1\n",
       "9.62     1\n",
       "5.64     1\n",
       "22.98    1\n",
       "29.05    1\n",
       "Name: LSTAT, Length: 455, dtype: int64"
      ]
     },
     "execution_count": 5,
     "metadata": {},
     "output_type": "execute_result"
    }
   ],
   "source": [
    "housing['LSTAT'].value_counts()"
   ]
  },
  {
   "cell_type": "code",
   "execution_count": 6,
   "metadata": {},
   "outputs": [
    {
     "data": {
      "text/html": [
       "<div>\n",
       "<style scoped>\n",
       "    .dataframe tbody tr th:only-of-type {\n",
       "        vertical-align: middle;\n",
       "    }\n",
       "\n",
       "    .dataframe tbody tr th {\n",
       "        vertical-align: top;\n",
       "    }\n",
       "\n",
       "    .dataframe thead th {\n",
       "        text-align: right;\n",
       "    }\n",
       "</style>\n",
       "<table border=\"1\" class=\"dataframe\">\n",
       "  <thead>\n",
       "    <tr style=\"text-align: right;\">\n",
       "      <th></th>\n",
       "      <th>CRIM</th>\n",
       "      <th>ZN</th>\n",
       "      <th>INDUS</th>\n",
       "      <th>CHAS</th>\n",
       "      <th>NOX</th>\n",
       "      <th>RM</th>\n",
       "      <th>AGE</th>\n",
       "      <th>DIS</th>\n",
       "      <th>RAD</th>\n",
       "      <th>TAX</th>\n",
       "      <th>PTRATIO</th>\n",
       "      <th>B</th>\n",
       "      <th>LSTAT</th>\n",
       "      <th>MEDV</th>\n",
       "    </tr>\n",
       "  </thead>\n",
       "  <tbody>\n",
       "    <tr>\n",
       "      <th>count</th>\n",
       "      <td>506.000000</td>\n",
       "      <td>506.000000</td>\n",
       "      <td>506.000000</td>\n",
       "      <td>506.000000</td>\n",
       "      <td>506.000000</td>\n",
       "      <td>501.000000</td>\n",
       "      <td>506.000000</td>\n",
       "      <td>506.000000</td>\n",
       "      <td>506.000000</td>\n",
       "      <td>506.000000</td>\n",
       "      <td>506.000000</td>\n",
       "      <td>506.000000</td>\n",
       "      <td>506.000000</td>\n",
       "      <td>506.000000</td>\n",
       "    </tr>\n",
       "    <tr>\n",
       "      <th>mean</th>\n",
       "      <td>3.613524</td>\n",
       "      <td>11.363636</td>\n",
       "      <td>11.136779</td>\n",
       "      <td>0.069170</td>\n",
       "      <td>0.554695</td>\n",
       "      <td>6.285615</td>\n",
       "      <td>68.574901</td>\n",
       "      <td>3.795043</td>\n",
       "      <td>9.549407</td>\n",
       "      <td>408.237154</td>\n",
       "      <td>18.455534</td>\n",
       "      <td>356.674032</td>\n",
       "      <td>12.653063</td>\n",
       "      <td>22.532806</td>\n",
       "    </tr>\n",
       "    <tr>\n",
       "      <th>std</th>\n",
       "      <td>8.601545</td>\n",
       "      <td>23.322453</td>\n",
       "      <td>6.860353</td>\n",
       "      <td>0.253994</td>\n",
       "      <td>0.115878</td>\n",
       "      <td>0.704959</td>\n",
       "      <td>28.148861</td>\n",
       "      <td>2.105710</td>\n",
       "      <td>8.707259</td>\n",
       "      <td>168.537116</td>\n",
       "      <td>2.164946</td>\n",
       "      <td>91.294864</td>\n",
       "      <td>7.141062</td>\n",
       "      <td>9.197104</td>\n",
       "    </tr>\n",
       "    <tr>\n",
       "      <th>min</th>\n",
       "      <td>0.006320</td>\n",
       "      <td>0.000000</td>\n",
       "      <td>0.460000</td>\n",
       "      <td>0.000000</td>\n",
       "      <td>0.385000</td>\n",
       "      <td>3.561000</td>\n",
       "      <td>2.900000</td>\n",
       "      <td>1.129600</td>\n",
       "      <td>1.000000</td>\n",
       "      <td>187.000000</td>\n",
       "      <td>12.600000</td>\n",
       "      <td>0.320000</td>\n",
       "      <td>1.730000</td>\n",
       "      <td>5.000000</td>\n",
       "    </tr>\n",
       "    <tr>\n",
       "      <th>25%</th>\n",
       "      <td>0.082045</td>\n",
       "      <td>0.000000</td>\n",
       "      <td>5.190000</td>\n",
       "      <td>0.000000</td>\n",
       "      <td>0.449000</td>\n",
       "      <td>5.885000</td>\n",
       "      <td>45.025000</td>\n",
       "      <td>2.100175</td>\n",
       "      <td>4.000000</td>\n",
       "      <td>279.000000</td>\n",
       "      <td>17.400000</td>\n",
       "      <td>375.377500</td>\n",
       "      <td>6.950000</td>\n",
       "      <td>17.025000</td>\n",
       "    </tr>\n",
       "    <tr>\n",
       "      <th>50%</th>\n",
       "      <td>0.256510</td>\n",
       "      <td>0.000000</td>\n",
       "      <td>9.690000</td>\n",
       "      <td>0.000000</td>\n",
       "      <td>0.538000</td>\n",
       "      <td>6.209000</td>\n",
       "      <td>77.500000</td>\n",
       "      <td>3.207450</td>\n",
       "      <td>5.000000</td>\n",
       "      <td>330.000000</td>\n",
       "      <td>19.050000</td>\n",
       "      <td>391.440000</td>\n",
       "      <td>11.360000</td>\n",
       "      <td>21.200000</td>\n",
       "    </tr>\n",
       "    <tr>\n",
       "      <th>75%</th>\n",
       "      <td>3.677082</td>\n",
       "      <td>12.500000</td>\n",
       "      <td>18.100000</td>\n",
       "      <td>0.000000</td>\n",
       "      <td>0.624000</td>\n",
       "      <td>6.625000</td>\n",
       "      <td>94.075000</td>\n",
       "      <td>5.188425</td>\n",
       "      <td>24.000000</td>\n",
       "      <td>666.000000</td>\n",
       "      <td>20.200000</td>\n",
       "      <td>396.225000</td>\n",
       "      <td>16.955000</td>\n",
       "      <td>25.000000</td>\n",
       "    </tr>\n",
       "    <tr>\n",
       "      <th>max</th>\n",
       "      <td>88.976200</td>\n",
       "      <td>100.000000</td>\n",
       "      <td>27.740000</td>\n",
       "      <td>1.000000</td>\n",
       "      <td>0.871000</td>\n",
       "      <td>8.780000</td>\n",
       "      <td>100.000000</td>\n",
       "      <td>12.126500</td>\n",
       "      <td>24.000000</td>\n",
       "      <td>711.000000</td>\n",
       "      <td>22.000000</td>\n",
       "      <td>396.900000</td>\n",
       "      <td>37.970000</td>\n",
       "      <td>50.000000</td>\n",
       "    </tr>\n",
       "  </tbody>\n",
       "</table>\n",
       "</div>"
      ],
      "text/plain": [
       "             CRIM          ZN       INDUS        CHAS         NOX          RM  \\\n",
       "count  506.000000  506.000000  506.000000  506.000000  506.000000  501.000000   \n",
       "mean     3.613524   11.363636   11.136779    0.069170    0.554695    6.285615   \n",
       "std      8.601545   23.322453    6.860353    0.253994    0.115878    0.704959   \n",
       "min      0.006320    0.000000    0.460000    0.000000    0.385000    3.561000   \n",
       "25%      0.082045    0.000000    5.190000    0.000000    0.449000    5.885000   \n",
       "50%      0.256510    0.000000    9.690000    0.000000    0.538000    6.209000   \n",
       "75%      3.677082   12.500000   18.100000    0.000000    0.624000    6.625000   \n",
       "max     88.976200  100.000000   27.740000    1.000000    0.871000    8.780000   \n",
       "\n",
       "              AGE         DIS         RAD         TAX     PTRATIO           B  \\\n",
       "count  506.000000  506.000000  506.000000  506.000000  506.000000  506.000000   \n",
       "mean    68.574901    3.795043    9.549407  408.237154   18.455534  356.674032   \n",
       "std     28.148861    2.105710    8.707259  168.537116    2.164946   91.294864   \n",
       "min      2.900000    1.129600    1.000000  187.000000   12.600000    0.320000   \n",
       "25%     45.025000    2.100175    4.000000  279.000000   17.400000  375.377500   \n",
       "50%     77.500000    3.207450    5.000000  330.000000   19.050000  391.440000   \n",
       "75%     94.075000    5.188425   24.000000  666.000000   20.200000  396.225000   \n",
       "max    100.000000   12.126500   24.000000  711.000000   22.000000  396.900000   \n",
       "\n",
       "            LSTAT        MEDV  \n",
       "count  506.000000  506.000000  \n",
       "mean    12.653063   22.532806  \n",
       "std      7.141062    9.197104  \n",
       "min      1.730000    5.000000  \n",
       "25%      6.950000   17.025000  \n",
       "50%     11.360000   21.200000  \n",
       "75%     16.955000   25.000000  \n",
       "max     37.970000   50.000000  "
      ]
     },
     "execution_count": 6,
     "metadata": {},
     "output_type": "execute_result"
    }
   ],
   "source": [
    "housing.describe()"
   ]
  },
  {
   "cell_type": "code",
   "execution_count": 7,
   "metadata": {},
   "outputs": [],
   "source": [
    "%matplotlib inline"
   ]
  },
  {
   "cell_type": "code",
   "execution_count": 8,
   "metadata": {},
   "outputs": [],
   "source": [
    "# import matplotlib.pyplot as plt\n",
    "# housing.hist(bins=50, figsize=(20,15))"
   ]
  },
  {
   "cell_type": "markdown",
   "metadata": {},
   "source": [
    "## Train-Test Splitting"
   ]
  },
  {
   "cell_type": "code",
   "execution_count": 9,
   "metadata": {},
   "outputs": [],
   "source": [
    "# For learning purpose\n",
    "import numpy as np\n",
    "def split_train_test(data, test_ratio):\n",
    "    np.random.seed(42)\n",
    "    shuffled = np.random.permutation(len(data))\n",
    "    print(shuffled)\n",
    "    test_set_size = int(len(data) * test_ratio)\n",
    "    test_indices = shuffled[:test_set_size]\n",
    "    train_indices = shuffled[test_set_size:] \n",
    "    return data.iloc[train_indices], data.iloc[test_indices]"
   ]
  },
  {
   "cell_type": "code",
   "execution_count": 10,
   "metadata": {},
   "outputs": [],
   "source": [
    "# train_set, test_set = split_train_test(housing, 0.2)\n",
    "# print(f\"Rows in train set: {len(train_set)}\\nRows in test set: {len(test_set)}\\n\")"
   ]
  },
  {
   "cell_type": "code",
   "execution_count": 11,
   "metadata": {},
   "outputs": [
    {
     "name": "stdout",
     "output_type": "stream",
     "text": [
      "Rows in train set: 404\n",
      "Rows in test set: 102\n",
      "\n"
     ]
    }
   ],
   "source": [
    "from sklearn.model_selection import train_test_split\n",
    "train_set, test_set = train_test_split(housing, test_size=0.2, random_state=42)\n",
    "print(f\"Rows in train set: {len(train_set)}\\nRows in test set: {len(test_set)}\\n\")"
   ]
  },
  {
   "cell_type": "code",
   "execution_count": 12,
   "metadata": {},
   "outputs": [
    {
     "name": "stdout",
     "output_type": "stream",
     "text": [
      "Rows in train set: 404\n",
      "Rows in test set: 102\n",
      "\n"
     ]
    }
   ],
   "source": [
    "from sklearn.model_selection import StratifiedShuffleSplit\n",
    "spl = StratifiedShuffleSplit(n_splits=1,test_size=.2,random_state=42)\n",
    "for train_index, test_index in spl.split(housing,housing['CHAS']):\n",
    "    strat_train_set = housing.loc[train_index]\n",
    "    strat_test_set = housing.loc[test_index]\n",
    "print(f\"Rows in train set: {len(train_set)}\\nRows in test set: {len(test_set)}\\n\")"
   ]
  },
  {
   "cell_type": "code",
   "execution_count": 13,
   "metadata": {},
   "outputs": [],
   "source": [
    "housing = strat_train_set.copy() # housing will now have only the training dataset."
   ]
  },
  {
   "cell_type": "markdown",
   "metadata": {},
   "source": [
    "## Looking for Coorelation"
   ]
  },
  {
   "cell_type": "code",
   "execution_count": 14,
   "metadata": {},
   "outputs": [
    {
     "data": {
      "text/html": [
       "<div>\n",
       "<style scoped>\n",
       "    .dataframe tbody tr th:only-of-type {\n",
       "        vertical-align: middle;\n",
       "    }\n",
       "\n",
       "    .dataframe tbody tr th {\n",
       "        vertical-align: top;\n",
       "    }\n",
       "\n",
       "    .dataframe thead th {\n",
       "        text-align: right;\n",
       "    }\n",
       "</style>\n",
       "<table border=\"1\" class=\"dataframe\">\n",
       "  <thead>\n",
       "    <tr style=\"text-align: right;\">\n",
       "      <th></th>\n",
       "      <th>CRIM</th>\n",
       "      <th>ZN</th>\n",
       "      <th>INDUS</th>\n",
       "      <th>CHAS</th>\n",
       "      <th>NOX</th>\n",
       "      <th>RM</th>\n",
       "      <th>AGE</th>\n",
       "      <th>DIS</th>\n",
       "      <th>RAD</th>\n",
       "      <th>TAX</th>\n",
       "      <th>PTRATIO</th>\n",
       "      <th>B</th>\n",
       "      <th>LSTAT</th>\n",
       "      <th>MEDV</th>\n",
       "    </tr>\n",
       "  </thead>\n",
       "  <tbody>\n",
       "    <tr>\n",
       "      <th>CRIM</th>\n",
       "      <td>1.000000</td>\n",
       "      <td>-0.212927</td>\n",
       "      <td>0.416640</td>\n",
       "      <td>-0.061482</td>\n",
       "      <td>0.430879</td>\n",
       "      <td>-0.257771</td>\n",
       "      <td>0.361890</td>\n",
       "      <td>-0.386900</td>\n",
       "      <td>0.648221</td>\n",
       "      <td>0.603934</td>\n",
       "      <td>0.305603</td>\n",
       "      <td>-0.486869</td>\n",
       "      <td>0.471442</td>\n",
       "      <td>-0.393715</td>\n",
       "    </tr>\n",
       "    <tr>\n",
       "      <th>ZN</th>\n",
       "      <td>-0.212927</td>\n",
       "      <td>1.000000</td>\n",
       "      <td>-0.542161</td>\n",
       "      <td>-0.023536</td>\n",
       "      <td>-0.509327</td>\n",
       "      <td>0.294645</td>\n",
       "      <td>-0.565680</td>\n",
       "      <td>0.666939</td>\n",
       "      <td>-0.306480</td>\n",
       "      <td>-0.322803</td>\n",
       "      <td>-0.390570</td>\n",
       "      <td>0.188575</td>\n",
       "      <td>-0.420097</td>\n",
       "      <td>0.339741</td>\n",
       "    </tr>\n",
       "    <tr>\n",
       "      <th>INDUS</th>\n",
       "      <td>0.416640</td>\n",
       "      <td>-0.542161</td>\n",
       "      <td>1.000000</td>\n",
       "      <td>0.043686</td>\n",
       "      <td>0.759051</td>\n",
       "      <td>-0.384125</td>\n",
       "      <td>0.644114</td>\n",
       "      <td>-0.708612</td>\n",
       "      <td>0.580908</td>\n",
       "      <td>0.716288</td>\n",
       "      <td>0.384465</td>\n",
       "      <td>-0.368685</td>\n",
       "      <td>0.611068</td>\n",
       "      <td>-0.473516</td>\n",
       "    </tr>\n",
       "    <tr>\n",
       "      <th>CHAS</th>\n",
       "      <td>-0.061482</td>\n",
       "      <td>-0.023536</td>\n",
       "      <td>0.043686</td>\n",
       "      <td>1.000000</td>\n",
       "      <td>0.077490</td>\n",
       "      <td>0.093653</td>\n",
       "      <td>0.058388</td>\n",
       "      <td>-0.088081</td>\n",
       "      <td>-0.023005</td>\n",
       "      <td>-0.048802</td>\n",
       "      <td>-0.132682</td>\n",
       "      <td>0.048275</td>\n",
       "      <td>-0.077592</td>\n",
       "      <td>0.205066</td>\n",
       "    </tr>\n",
       "    <tr>\n",
       "      <th>NOX</th>\n",
       "      <td>0.430879</td>\n",
       "      <td>-0.509327</td>\n",
       "      <td>0.759051</td>\n",
       "      <td>0.077490</td>\n",
       "      <td>1.000000</td>\n",
       "      <td>-0.300479</td>\n",
       "      <td>0.727358</td>\n",
       "      <td>-0.763623</td>\n",
       "      <td>0.596012</td>\n",
       "      <td>0.659049</td>\n",
       "      <td>0.164977</td>\n",
       "      <td>-0.408434</td>\n",
       "      <td>0.602386</td>\n",
       "      <td>-0.422873</td>\n",
       "    </tr>\n",
       "    <tr>\n",
       "      <th>RM</th>\n",
       "      <td>-0.257771</td>\n",
       "      <td>0.294645</td>\n",
       "      <td>-0.384125</td>\n",
       "      <td>0.093653</td>\n",
       "      <td>-0.300479</td>\n",
       "      <td>1.000000</td>\n",
       "      <td>-0.241939</td>\n",
       "      <td>0.208986</td>\n",
       "      <td>-0.200369</td>\n",
       "      <td>-0.282362</td>\n",
       "      <td>-0.331064</td>\n",
       "      <td>0.121046</td>\n",
       "      <td>-0.601946</td>\n",
       "      <td>0.679660</td>\n",
       "    </tr>\n",
       "    <tr>\n",
       "      <th>AGE</th>\n",
       "      <td>0.361890</td>\n",
       "      <td>-0.565680</td>\n",
       "      <td>0.644114</td>\n",
       "      <td>0.058388</td>\n",
       "      <td>0.727358</td>\n",
       "      <td>-0.241939</td>\n",
       "      <td>1.000000</td>\n",
       "      <td>-0.734827</td>\n",
       "      <td>0.449489</td>\n",
       "      <td>0.501491</td>\n",
       "      <td>0.259633</td>\n",
       "      <td>-0.287900</td>\n",
       "      <td>0.599211</td>\n",
       "      <td>-0.364596</td>\n",
       "    </tr>\n",
       "    <tr>\n",
       "      <th>DIS</th>\n",
       "      <td>-0.386900</td>\n",
       "      <td>0.666939</td>\n",
       "      <td>-0.708612</td>\n",
       "      <td>-0.088081</td>\n",
       "      <td>-0.763623</td>\n",
       "      <td>0.208986</td>\n",
       "      <td>-0.734827</td>\n",
       "      <td>1.000000</td>\n",
       "      <td>-0.481556</td>\n",
       "      <td>-0.530840</td>\n",
       "      <td>-0.215173</td>\n",
       "      <td>0.309222</td>\n",
       "      <td>-0.501408</td>\n",
       "      <td>0.240451</td>\n",
       "    </tr>\n",
       "    <tr>\n",
       "      <th>RAD</th>\n",
       "      <td>0.648221</td>\n",
       "      <td>-0.306480</td>\n",
       "      <td>0.580908</td>\n",
       "      <td>-0.023005</td>\n",
       "      <td>0.596012</td>\n",
       "      <td>-0.200369</td>\n",
       "      <td>0.449489</td>\n",
       "      <td>-0.481556</td>\n",
       "      <td>1.000000</td>\n",
       "      <td>0.910932</td>\n",
       "      <td>0.471912</td>\n",
       "      <td>-0.490951</td>\n",
       "      <td>0.479857</td>\n",
       "      <td>-0.374693</td>\n",
       "    </tr>\n",
       "    <tr>\n",
       "      <th>TAX</th>\n",
       "      <td>0.603934</td>\n",
       "      <td>-0.322803</td>\n",
       "      <td>0.716288</td>\n",
       "      <td>-0.048802</td>\n",
       "      <td>0.659049</td>\n",
       "      <td>-0.282362</td>\n",
       "      <td>0.501491</td>\n",
       "      <td>-0.530840</td>\n",
       "      <td>0.910932</td>\n",
       "      <td>1.000000</td>\n",
       "      <td>0.473026</td>\n",
       "      <td>-0.475293</td>\n",
       "      <td>0.534228</td>\n",
       "      <td>-0.456657</td>\n",
       "    </tr>\n",
       "    <tr>\n",
       "      <th>PTRATIO</th>\n",
       "      <td>0.305603</td>\n",
       "      <td>-0.390570</td>\n",
       "      <td>0.384465</td>\n",
       "      <td>-0.132682</td>\n",
       "      <td>0.164977</td>\n",
       "      <td>-0.331064</td>\n",
       "      <td>0.259633</td>\n",
       "      <td>-0.215173</td>\n",
       "      <td>0.471912</td>\n",
       "      <td>0.473026</td>\n",
       "      <td>1.000000</td>\n",
       "      <td>-0.193293</td>\n",
       "      <td>0.370759</td>\n",
       "      <td>-0.493534</td>\n",
       "    </tr>\n",
       "    <tr>\n",
       "      <th>B</th>\n",
       "      <td>-0.486869</td>\n",
       "      <td>0.188575</td>\n",
       "      <td>-0.368685</td>\n",
       "      <td>0.048275</td>\n",
       "      <td>-0.408434</td>\n",
       "      <td>0.121046</td>\n",
       "      <td>-0.287900</td>\n",
       "      <td>0.309222</td>\n",
       "      <td>-0.490951</td>\n",
       "      <td>-0.475293</td>\n",
       "      <td>-0.193293</td>\n",
       "      <td>1.000000</td>\n",
       "      <td>-0.405799</td>\n",
       "      <td>0.361761</td>\n",
       "    </tr>\n",
       "    <tr>\n",
       "      <th>LSTAT</th>\n",
       "      <td>0.471442</td>\n",
       "      <td>-0.420097</td>\n",
       "      <td>0.611068</td>\n",
       "      <td>-0.077592</td>\n",
       "      <td>0.602386</td>\n",
       "      <td>-0.601946</td>\n",
       "      <td>0.599211</td>\n",
       "      <td>-0.501408</td>\n",
       "      <td>0.479857</td>\n",
       "      <td>0.534228</td>\n",
       "      <td>0.370759</td>\n",
       "      <td>-0.405799</td>\n",
       "      <td>1.000000</td>\n",
       "      <td>-0.740494</td>\n",
       "    </tr>\n",
       "    <tr>\n",
       "      <th>MEDV</th>\n",
       "      <td>-0.393715</td>\n",
       "      <td>0.339741</td>\n",
       "      <td>-0.473516</td>\n",
       "      <td>0.205066</td>\n",
       "      <td>-0.422873</td>\n",
       "      <td>0.679660</td>\n",
       "      <td>-0.364596</td>\n",
       "      <td>0.240451</td>\n",
       "      <td>-0.374693</td>\n",
       "      <td>-0.456657</td>\n",
       "      <td>-0.493534</td>\n",
       "      <td>0.361761</td>\n",
       "      <td>-0.740494</td>\n",
       "      <td>1.000000</td>\n",
       "    </tr>\n",
       "  </tbody>\n",
       "</table>\n",
       "</div>"
      ],
      "text/plain": [
       "             CRIM        ZN     INDUS      CHAS       NOX        RM       AGE  \\\n",
       "CRIM     1.000000 -0.212927  0.416640 -0.061482  0.430879 -0.257771  0.361890   \n",
       "ZN      -0.212927  1.000000 -0.542161 -0.023536 -0.509327  0.294645 -0.565680   \n",
       "INDUS    0.416640 -0.542161  1.000000  0.043686  0.759051 -0.384125  0.644114   \n",
       "CHAS    -0.061482 -0.023536  0.043686  1.000000  0.077490  0.093653  0.058388   \n",
       "NOX      0.430879 -0.509327  0.759051  0.077490  1.000000 -0.300479  0.727358   \n",
       "RM      -0.257771  0.294645 -0.384125  0.093653 -0.300479  1.000000 -0.241939   \n",
       "AGE      0.361890 -0.565680  0.644114  0.058388  0.727358 -0.241939  1.000000   \n",
       "DIS     -0.386900  0.666939 -0.708612 -0.088081 -0.763623  0.208986 -0.734827   \n",
       "RAD      0.648221 -0.306480  0.580908 -0.023005  0.596012 -0.200369  0.449489   \n",
       "TAX      0.603934 -0.322803  0.716288 -0.048802  0.659049 -0.282362  0.501491   \n",
       "PTRATIO  0.305603 -0.390570  0.384465 -0.132682  0.164977 -0.331064  0.259633   \n",
       "B       -0.486869  0.188575 -0.368685  0.048275 -0.408434  0.121046 -0.287900   \n",
       "LSTAT    0.471442 -0.420097  0.611068 -0.077592  0.602386 -0.601946  0.599211   \n",
       "MEDV    -0.393715  0.339741 -0.473516  0.205066 -0.422873  0.679660 -0.364596   \n",
       "\n",
       "              DIS       RAD       TAX   PTRATIO         B     LSTAT      MEDV  \n",
       "CRIM    -0.386900  0.648221  0.603934  0.305603 -0.486869  0.471442 -0.393715  \n",
       "ZN       0.666939 -0.306480 -0.322803 -0.390570  0.188575 -0.420097  0.339741  \n",
       "INDUS   -0.708612  0.580908  0.716288  0.384465 -0.368685  0.611068 -0.473516  \n",
       "CHAS    -0.088081 -0.023005 -0.048802 -0.132682  0.048275 -0.077592  0.205066  \n",
       "NOX     -0.763623  0.596012  0.659049  0.164977 -0.408434  0.602386 -0.422873  \n",
       "RM       0.208986 -0.200369 -0.282362 -0.331064  0.121046 -0.601946  0.679660  \n",
       "AGE     -0.734827  0.449489  0.501491  0.259633 -0.287900  0.599211 -0.364596  \n",
       "DIS      1.000000 -0.481556 -0.530840 -0.215173  0.309222 -0.501408  0.240451  \n",
       "RAD     -0.481556  1.000000  0.910932  0.471912 -0.490951  0.479857 -0.374693  \n",
       "TAX     -0.530840  0.910932  1.000000  0.473026 -0.475293  0.534228 -0.456657  \n",
       "PTRATIO -0.215173  0.471912  0.473026  1.000000 -0.193293  0.370759 -0.493534  \n",
       "B        0.309222 -0.490951 -0.475293 -0.193293  1.000000 -0.405799  0.361761  \n",
       "LSTAT   -0.501408  0.479857  0.534228  0.370759 -0.405799  1.000000 -0.740494  \n",
       "MEDV     0.240451 -0.374693 -0.456657 -0.493534  0.361761 -0.740494  1.000000  "
      ]
     },
     "execution_count": 14,
     "metadata": {},
     "output_type": "execute_result"
    }
   ],
   "source": [
    "corr_matrix = housing.corr()\n",
    "corr_matrix"
   ]
  },
  {
   "cell_type": "code",
   "execution_count": 15,
   "metadata": {},
   "outputs": [
    {
     "data": {
      "text/plain": [
       "MEDV       1.000000\n",
       "RM         0.679660\n",
       "B          0.361761\n",
       "ZN         0.339741\n",
       "DIS        0.240451\n",
       "CHAS       0.205066\n",
       "AGE       -0.364596\n",
       "RAD       -0.374693\n",
       "CRIM      -0.393715\n",
       "NOX       -0.422873\n",
       "TAX       -0.456657\n",
       "INDUS     -0.473516\n",
       "PTRATIO   -0.493534\n",
       "LSTAT     -0.740494\n",
       "Name: MEDV, dtype: float64"
      ]
     },
     "execution_count": 15,
     "metadata": {},
     "output_type": "execute_result"
    }
   ],
   "source": [
    "corr_matrix['MEDV'].sort_values(ascending=False)"
   ]
  },
  {
   "cell_type": "code",
   "execution_count": 16,
   "metadata": {},
   "outputs": [],
   "source": [
    "from pandas.plotting import scatter_matrix\n",
    "# # To look at various relations between strongly correlated attributes.\n",
    "# attributes = ['MEDV','RM','ZN','LSTAT']\n",
    "# scatter_matrix(housing[attributes], figsize = (12,8))"
   ]
  },
  {
   "cell_type": "code",
   "execution_count": 17,
   "metadata": {},
   "outputs": [
    {
     "data": {
      "text/plain": [
       "<AxesSubplot:xlabel='RM', ylabel='MEDV'>"
      ]
     },
     "execution_count": 17,
     "metadata": {},
     "output_type": "execute_result"
    },
    {
     "data": {
